  1     11_1    (0)   :  0.602 0.119 0.279 
  2     12_1    (0)   :  0.498 0.058 0.444 
  3     13_1    (0)   :  0.074 0.130 0.796 
  4     14_1    (0)   :  0.141 0.026 0.833 
  5     15_1    (0)   :  0.154 0.085 0.761 
  6     16_1   (11)   :  0.068 0.048 0.884 
  7     17_1   (44)   :  0.148 0.209 0.643 
  8     18_1   (33)   :  0.091 0.038 0.871 
  9     19_1   (11)   :  0.037 0.032 0.931 
 10    110_1   (55)   :  0.167 0.050 0.783 
 11    111_1   (44)   :  0.056 0.203 0.740 
 12    112_1   (33)   :  0.090 0.077 0.832 
 13    113_1   (22)   :  0.053 0.039 0.908 
 14    114_1   (22)   :  0.298 0.239 0.463 
 15    115_1   (11)   :  0.082 0.055 0.863 
 16    116_1   (11)   :  0.450 0.176 0.374 
 17    117_1   (11)   :  0.093 0.026 0.881 
 18    118_1   (11)   :  0.114 0.036 0.850 
 19    119_1   (11)   :  0.131 0.033 0.836 
 20    120_1   (11)   :  0.027 0.018 0.955 
 21    121_1   (11)   :  0.028 0.027 0.945 
 22    122_1   (11)   :  0.025 0.017 0.958 
 23    123_1   (11)   :  0.093 0.038 0.869 
 24     21_1   (33)   :  0.340 0.132 0.528 
 25     22_1    (0)   :  0.826 0.062 0.112 
 26     23_1    (0)   :  0.947 0.023 0.030 
 27     24_1    (0)   :  0.787 0.085 0.127 
 28     25_1    (0)   :  0.735 0.173 0.092 
 29     26_1    (0)   :  0.362 0.029 0.609 
 30     27_1    (0)   :  0.170 0.149 0.680 
 31     28_1   (22)   :  0.591 0.055 0.355 
 32     29_1   (11)   :  0.399 0.079 0.521 
 33    210_1   (33)   :  0.127 0.123 0.749 
 34    211_1    (0)   :  0.101 0.051 0.848 
 35    212_1   (22)   :  0.085 0.114 0.800 
 36    213_1   (11)   :  0.822 0.045 0.133 
 37    214_1   (11)   :  0.462 0.038 0.499 
 38    215_1   (22)   :  0.502 0.107 0.391 
 39    216_1   (22)   :  0.074 0.065 0.861 
 40    217_1   (22)   :  0.183 0.110 0.707 
 41    218_1   (11)   :  0.818 0.100 0.083 
 42    219_1   (11)   :  0.091 0.025 0.884 
 43    220_1   (44)   :  0.463 0.076 0.461 
 44    221_1   (66)   :  0.429 0.419 0.152 
 45    222_1   (33)   :  0.787 0.044 0.169 
 46    223_1   (22)   :  0.763 0.117 0.120 
 47    224_1   (22)   :  0.880 0.069 0.050 
 48    225_1   (22)   :  0.755 0.037 0.208 
 49    226_1   (33)   :  0.824 0.043 0.133 
 50    227_1   (22)   :  0.712 0.035 0.253 
 51    228_1   (22)   :  0.046 0.403 0.551 
 52    229_1   (22)   :  0.106 0.130 0.765 
 53    230_1   (22)   :  0.053 0.072 0.875 
 54    231_1   (22)   :  0.055 0.106 0.838 
 55    232_1   (22)   :  0.339 0.130 0.531 
 56    233_1   (22)   :  0.481 0.024 0.495 
 57    234_1   (22)   :  0.818 0.045 0.136 
 58    235_1   (22)   :  0.200 0.070 0.730 
 59    236_1   (22)   :  0.641 0.049 0.310 
 60    237_1   (22)   :  0.109 0.072 0.820 
 61    238_1   (22)   :  0.299 0.083 0.617 
 62    239_1   (22)   :  0.045 0.053 0.902 
 63    240_1   (22)   :  0.139 0.047 0.814 
 64    241_1   (22)   :  0.243 0.039 0.718 
 65    242_1   (22)   :  0.109 0.030 0.861 
 66    243_1   (33)   :  0.833 0.043 0.124 
 67    244_1   (33)   :  0.290 0.621 0.088 
 68    245_1   (22)   :  0.873 0.024 0.103 
 69     31_1    (0)   :  0.473 0.434 0.093 
 70     32_1   (22)   :  0.200 0.339 0.461 
 71     33_1    (0)   :  0.679 0.210 0.112 
 72     34_1   (22)   :  0.085 0.047 0.868 
 73     35_1   (22)   :  0.505 0.343 0.152 
 74     36_1   (11)   :  0.457 0.032 0.511 
 75     37_1    (0)   :  0.886 0.063 0.051 
 76     38_1    (0)   :  0.294 0.632 0.074 
 77     39_1    (0)   :  0.279 0.594 0.127 
 78    310_1    (0)   :  0.198 0.726 0.076 
 79    311_1   (22)   :  0.142 0.698 0.160 
 80    312_1    (0)   :  0.717 0.147 0.136 
 81    313_1   (22)   :  0.217 0.666 0.117 
 82    314_1   (22)   :  0.264 0.102 0.633 
 83    315_1   (22)   :  0.305 0.470 0.225 
 84    316_1   (11)   :  0.648 0.157 0.195 
 85    317_1   (22)   :  0.448 0.407 0.145 
 86    318_1   (11)   :  0.374 0.283 0.343 
 87    319_1   (33)   :  0.384 0.071 0.545 
 88    320_1    (0)   :  0.796 0.140 0.064 
 89    321_1   (55)   :  0.219 0.453 0.328 
 90    322_1   (22)   :  0.467 0.289 0.244 
 91    323_1   (44)   :  0.148 0.435 0.417 
 92    324_1    (0)   :  0.429 0.148 0.423 
 93    325_1   (22)   :  0.489 0.219 0.291 
 94    326_1    (0)   :  0.760 0.104 0.136 
 95    327_1    (0)   :  0.386 0.522 0.092 
 96    328_1    (0)   :  0.468 0.054 0.478 
 97    329_1    (0)   :  0.434 0.243 0.323 
 98    330_1    (0)   :  0.557 0.393 0.050 
 99     41_1    (0)   :  0.723 0.052 0.225 
100     42_1    (0)   :  0.498 0.356 0.147 
101     43_1    (0)   :  0.691 0.030 0.279 
102     44_1    (0)   :  0.562 0.079 0.359 
103     45_1    (0)   :  0.766 0.055 0.180 
104     46_1    (0)   :  0.698 0.088 0.213 
105     47_1    (0)   :  0.607 0.025 0.368 
106     48_1    (0)   :  0.884 0.038 0.078 
107     49_1   (11)   :  0.494 0.312 0.195 
108    410_1   (11)   :  0.527 0.045 0.428 
109    411_1    (0)   :  0.329 0.249 0.422 
110    412_1    (0)   :  0.594 0.112 0.294 
111    413_1   (11)   :  0.179 0.372 0.448 
112    414_1    (0)   :  0.298 0.319 0.383 
113    415_1    (0)   :  0.861 0.061 0.078 
114    416_1   (22)   :  0.417 0.154 0.429 
115    417_1    (0)   :  0.161 0.765 0.073 
116    418_1   (11)   :  0.214 0.281 0.505 
117    419_1   (11)   :  0.360 0.112 0.528 
118    420_1   (33)   :  0.639 0.037 0.324 
119    421_1   (44)   :  0.555 0.048 0.396 
120    422_1   (33)   :  0.807 0.130 0.063 
121    423_1   (55)   :  0.659 0.134 0.207 
122    424_1   (44)   :  0.385 0.245 0.370 
123    425_1   (44)   :  0.486 0.127 0.387 
124    426_1   (33)   :  0.738 0.082 0.180 
125    427_1   (33)   :  0.714 0.126 0.160 
126     51_1   (11)   :  0.670 0.230 0.099 
127     52_1   (11)   :  0.514 0.450 0.036 
128     53_1    (0)   :  0.857 0.111 0.032 
129     54_1    (0)   :  0.411 0.546 0.043 
130     55_1    (0)   :  0.922 0.048 0.030 
131     56_1   (11)   :  0.697 0.251 0.053 
132     57_1    (0)   :  0.390 0.508 0.102 
133     58_1    (0)   :  0.841 0.107 0.052 
134     64_1    (0)   :  0.067 0.800 0.133 
135     65_1    (0)   :  0.047 0.929 0.024 
136     67_1    (0)   :  0.037 0.936 0.027 
137     68_1    (0)   :  0.139 0.804 0.058 
138     69_1    (0)   :  0.024 0.951 0.025 
139    610_1    (0)   :  0.904 0.052 0.044 
140    611_1    (0)   :  0.765 0.140 0.095 
141    612_1    (0)   :  0.048 0.268 0.684 
142    613_1    (0)   :  0.028 0.947 0.025 
143    614_1    (0)   :  0.087 0.848 0.065 
144    615_1    (0)   :  0.050 0.919 0.031 
145    616_1    (0)   :  0.057 0.328 0.615 
146    617_1    (0)   :  0.026 0.938 0.036 
147    618_1    (0)   :  0.023 0.956 0.021 
148    620_1    (0)   :  0.055 0.920 0.025 
149    621_1   (11)   :  0.243 0.322 0.436 
150    622_1    (0)   :  0.103 0.842 0.055 
151    623_1    (0)   :  0.042 0.925 0.033 
152    624_1    (0)   :  0.044 0.911 0.045 
153    625_1    (0)   :  0.534 0.332 0.134 
154    626_1    (0)   :  0.293 0.539 0.168 
155    628_1   (55)   :  0.058 0.900 0.042 
156    629_1   (55)   :  0.052 0.907 0.042 
157    630_1   (22)   :  0.035 0.915 0.050 
158    631_1    (0)   :  0.026 0.945 0.029 
159    632_1   (11)   :  0.060 0.899 0.041 
160    633_1    (0)   :  0.033 0.938 0.030 
161    634_1    (0)   :  0.021 0.956 0.023 
162    635_1   (33)   :  0.029 0.934 0.038 
163    636_1    (0)   :  0.100 0.858 0.041 
164     71_1   (11)   :  0.108 0.769 0.123 
165     72_1    (0)   :  0.826 0.039 0.135 
166     73_1   (11)   :  0.027 0.929 0.044 
167     74_1    (0)   :  0.281 0.281 0.439 
168     75_1   (33)   :  0.123 0.798 0.079 
169     76_1    (0)   :  0.634 0.108 0.258 
170     77_1   (11)   :  0.920 0.038 0.042 
171     78_1    (0)   :  0.801 0.135 0.064 
172     79_1    (0)   :  0.907 0.038 0.054